3
13

0 0 0 0 0.1 0.2 0.3 0.4 0.5 0.6 0.7 0.8 0.9 1 1 1 1 

1.9999999999999993 0.0
4.849917574212736 8.814462393199408
10.974711509744578 30.850618376197936
14.313633354574874 -1.1988579064918647
21.77075507195594 33.94481324976953
18.603346357601367 -20.58039509258629
35.815859497638584 18.37676712057562
60.13321565184429 -10.92667338971621
23.65127789498429 -4.670073561710786
25.26167276821848 -12.39303236344064
-4.697968967858168 -5.757796984526667
-25.87918758714327 -38.303118793810675
-20.0 -30.0
