3
13

0 0 0 0 0.11884543877257928 0.18053029184318628 0.23733397034550102 0.3702072103011393 0.47619033293067253 0.5738006440163838 0.6846962173718723 0.742298113154516 0.8829612202984304 1 1 1 1 

2.0000000000000004 0.0
4.569285362017529 12.65027250763039
8.472117822597156 31.86646970699041
14.489193179686744 2.6751000093956514
23.89155699852269 33.79274567505256
16.769150769233736 -23.034857860242155
35.42333063998708 17.91605192109881
59.20041776927521 -11.841239006826367
31.59028843975362 -4.501182773440714
16.199470681124932 -12.785246190294485
-5.79896111464419 -10.690689406614188
-15.56474007224437 -23.969327723217084
-20.0 -30.0
