3
13

0 0 0 0 0.11884543877257928 0.18053029184318628 0.23733397034550102 0.3702072103011393 0.47619033293067253 0.5738006440163838 0.6846962173718723 0.742298113154516 0.8829612202984304 1 1 1 1 

1.9999999999999996 0.0
4.679896476201674 11.560819205567768
8.446230035133178 32.12233008390468
14.493493455869885 2.6312650941330844
23.88930977358095 33.822862088105005
16.763821043238785 -23.05221984071326
35.44003013601464 17.94334687336852
59.139391025075376 -11.934127327915125
31.799761229524286 -4.18439566941087
15.606419536955844 -13.68193422734863
-0.09918163212679655 -2.073075799671739
-25.43506213360595 -38.89244659649127
-20.0 -30.0
