3
15

0 0 0 0 0.08333333333333333 0.16666666666666666 0.25 0.3333333333333333 0.4166666666666667 0.5 0.5833333333333334 0.6666666666666666 0.75 0.8333333333333334 0.9166666666666666 1 1 1 1 

-5.000000000000002 0.0
-3.8230940044411557 3.9616808062403917
-1.4692820133234639 11.885042418721174
-1.1228719467061439 12.459830325115304
-0.03923019985196171 16.275636280817622
1.27979274611399 12.437624551614189
0.9200592153960014 11.973865512725618
7.039970392301999 -0.333086602516659
0.920059215396005 -10.641519102658993
1.2797927461139886 -17.100836986847344
-0.03923019985196144 1.0448670500483999
-1.122871946706143 -17.078631213346238
-1.469282013323464 -10.730342196663432
-3.8230940044411548 -3.576780732221146
-5.000000000000001 0.0
