3
15

0 0 0 0 0.1391911176476821 0.1813508915446905 0.21116235356055674 0.24097381557642295 0.2831335894734313 0.4223247071211135 0.5615158247687956 0.6036755986658039 0.7111623535605567 0.8186491084553094 0.8608088823523179 1 1 1 1 

-5.000000000000001 0.0
-3.9873759458244544 3.524453064284213
-2.6680369094847856 8.116432180603939
-1.2066747725873095 12.329979160842337
-0.0027050975904500335 16.106838877111304
1.2197361391681216 12.325729982189848
2.5343859723921196 8.167215073998964
6.809829456741458 -0.699483769770223
2.749592041856238 -6.344512484743849
0.38730211179972895 -16.69433933956803
-0.018140128933944774 3.3931392120363655
-0.3367915660221046 -16.67605918026997
-2.873052605812972 -6.391462906120276
-4.076401293794093 -2.7754080270104957
-5.0 0.0
