3
15

0 0 0 0 0.1391911176476821 0.1813508915446905 0.21116235356055674 0.24097381557642295 0.2831335894734313 0.4223247071211135 0.5615158247687956 0.6036755986658039 0.7111623535605567 0.8186491084553094 0.8608088823523179 1 1 1 1 

-5.0 0.0
-5.011257333847091 3.3184838068617406
-2.5276292898521624 8.144677257944135
-1.2194188172657696 12.327415540640555
0.00016271111026604037 16.107415682637793
1.2186331785274611 12.325508538941822
2.5356683685306196 8.167468265781412
6.808639960885217 -0.6996577536068342
2.7514092132427854 -6.344312312483866
0.3844548459856041 -16.694649431926305
0.013660838774378611 3.3965895040579173
-0.42249296714706874 -16.685356303700257
-2.6584344132649043 -6.368180610292654
-5.7775658931302685 -2.9599542335677875
-5.0 0.0
